Position	Ref_Base	Var_Base	Clinically_Flagged	Variant_Type	HiSeq_Freq	1000g_ALL	EVS_esp6500_ALL	Gene	p.	c.	Faves_Y/N	Ref_Reads	Var_Reads	Allele_Freq	Variant_Phred	Cosmic	CADD	ClinVar	Polyphen	Sift	Mutation_Taster	Gerp	1000g_AMR	1000g_EUR	1000g_SAS	1000g_EAS	1000g_AFR	EVS_esp6500_AA	EVS_esp6500_EU	Transcripts	Zygosity	Segdup	NCI60	dbSNP_ID	HiSeq_Count	MiSeq_Freq	MiSeq_Count	GATK_Score
chr1:11854457	G	A		synonymous SNV	0.9935	0.902955	0.890512	MTHFR	p.F435F	NM_005957.4:c.1305C>T		0	174	1.00	30		1.044						0.9683	0.997	0.998	0.996	0.6558	0.682705	0.996977	MTHFR:NM_005957:exon8:c.1305C>T:p.F435F,	hom		1	rs4846051	[923/929]	0.99	[79/80]	5356.77
chr2:12345	G	A		synonymous SNV	0.9935	0.902955	0.890512	FLT3,BRCA2	p.F435F	NM_005957.4:c.1305C>T		0	174	1.00	30		1.044						0.9683	0.997	0.998	0.996	0.6558	0.682705	0.996977	MTHFR:NM_005957:exon8:c.1305C>T:p.F435F,	hom		1	rs4846051	[923/929]	0.99	[79/80]	5356.77
chr13:32903685	C	T		intronic	0.3369	0.185903	-1	BRCA2				54	25	0.32	31		9.798	CLINSIG=untested|unknown;CLNDBN=Familial_cancer_of_breast|Breast-ovarian_cancer\x2c_familial_2,Breast-ovarian_cancer\x2c_familial_2;CLNREVSTAT=not|single,single;CLNACC=RCV000045058.2|RCV000114010.1,RCV000114007.1;CLNDSDB=GeneReviews:MedGen:OMIM:SNOMED_CT|GeneReviews:MedGen:OMIM:Orphanet,GeneReviews:MedGen:OMIM:Orphanet;CLNDSDBID=NBK1247:C0346153:114480:254843006|NBK1247:C2675520:612555:ORPHA145,NBK1247:C2675520:612555:ORPHA145					0.2176	0.1938	0.1452	0.0794	0.2746	-1	-1		het			rs2126042	[313/929]	0.30	[24/80]	560.77
